time	drag	lift	pdiff
0.0040	0.1440206918165591	-0.00022849524477168342	0.08946459378377492
0.0080	0.15083021427047638	-0.0003303365943211159	0.09212868477082914
0.0120	0.15577229083705812	-0.00036780369411806526	0.09392725640316579
0.0160	0.16003132594329378	-0.0003881566981385313	0.09547004895963851
0.0200	0.16384787141923918	-0.0003999134895902331	0.09685084120250809
0.0240	0.1673450066150897	-0.0004069005484383727	0.09811556243420227
0.0280	0.17059742866045144	-0.0004111854060643149	0.09929182603694997
0.0320	0.17365456066904938	-0.00041391724022765865	0.10039779259614989
0.0360	0.17655115303377614	-0.0004157432039769744	0.10144616000796047
0.0400	0.17931277921400116	-0.00041703252388957377	0.10244622551990135
0.0440	0.18195893139424715	-0.0004179987069424703	0.10340504536648809
0.0480	0.18450488266549245	-0.0004187666022679293	0.10432813035169086
0.0520	0.1869628692010618	-0.00041940958751676157	0.10521988552880823
0.0560	0.18934287485778561	-0.0004199705343711838	0.1060839004653682
0.0600	0.19165317145960123	-0.0004204738902445062	0.10692314797282865
0.0640	0.1939007024670902	-0.0004209328156076278	0.10774012442099368
0.0680	0.19609136258800844	-0.00042135350699817734	0.10853695144542297
0.0720	0.19823020609994038	-0.00042173787480555763	0.10931545135600818
0.0760	0.20032160503491797	-0.00042208523180534987	0.11007720415329758
0.0800	0.20236937128879767	-0.0004223933705552315	0.11082359138191045
0.0840	0.20437685225263835	-0.0004226592541769806	0.11155583037008732
0.0880	0.2063470066674761	-0.00042287945786240866	0.11227500131996704
0.0920	0.20828246529689937	-0.0004230504479578237	0.11298206888362827
0.0960	0.2101855811386907	-0.0004231687513915937	0.11367790026722879
0.1000	0.21205846815776933	-0.00042323105748341927	0.11436327856311523
0.1040	0.21390303526427973	-0.0004232342725336515	0.11503891501235164
0.1080	0.21572101582361516	-0.00042317554114168054	0.1157054599687869
0.1120	0.21751398673005182	-0.00042305224938961875	0.11636350856657773
0.1160	0.21928339204207575	-0.0004228620193769282	0.11701361022924972
0.1200	0.22103055685671952	-0.00042260269201904504	0.11765627286517544
0.1240	0.22275670232861308	-0.00042227230825206977	0.11829196845583123
0.1280	0.22446295739002742	-0.0004218690885927965	0.11892113712177921
0.1320	0.22615036988028714	-0.00042139141439657556	0.11954419127296012
0.1360	0.2278199139548248	-0.0004208378045403985	0.12016151781775908
0.1400	0.22947249937882203	-0.0004202068977665874	0.12077348187228432
0.1440	0.23110897754317805	-0.00041949743930137605	0.12138042868379517
0.1480	0.23273014768418637	-0.0004187082630876425	0.12198268591620554
0.1520	0.23433676136282305	-0.0004178382747052658	0.12258056504493786
0.1560	0.23592952834481376	-0.0004168864433341815	0.12317436379227154
0.1600	0.23750911993389973	-0.00041585179408139847	0.12376436710983407
0.1640	0.23907617201530418	-0.0004147333870011124	0.12435084811401509
0.1680	0.24063128880173934	-0.00041353031901012366	0.12493406956705322
0.1720	0.242175046376658	-0.0004122417160150379	0.1255142853169493
0.1760	0.24370799402460713	-0.0004108667233560119	0.12609174043886529
0.1800	0.24523065718557086	-0.000409404501763695	0.12666667246807595
0.1840	0.24674353938202975	-0.00040785422311164063	0.12723931204832173
0.1880	0.2482471240711817	-0.00040621506654311664	0.12780988358989198
0.1920	0.24974187631799066	-0.0004044862152198614	0.12837860586429417
0.1960	0.2512282443091129	-0.0004026668535949254	0.1289456925424819
0.2000	0.25270666072549347	-0.00040075616513651313	0.12951135268292402
0.2040	0.2541775439891979	-0.0003987533304452747	0.13007579117503654
0.2080	0.2556412993980483	-0.0003966575257189782	0.13063920914278382
0.2120	0.2570983201598362	-0.0003944679215142238	0.13120180431261153
0.2160	0.25854898821662536	-0.000392183681301403	0.13176377127508954
0.2200	0.25999367569785037	-0.00038980396730031454	0.1323253021588111
0.2240	0.26143274455509236	-0.0003873279174358249	0.132886586190605
0.2280	0.26286654853418434	-0.0003847546756702119	0.1334478107342607
0.2320	0.2642954327052356	-0.00038208337900572835	0.1340091608167343
0.2360	0.2657197353400758	-0.0003793131480871668	0.1345708201378396
0.2400	0.2671397873330059	-0.00037644309814759515	0.13513297055397533
0.2440	0.26855591316458194	-0.0003734723372518095	0.1356957925449953
0.2480	0.2699684318346134	-0.00037039996030965763	0.13625946566629998
0.2520	0.2713776562957773	-0.0003672250637669701	0.1368241680760568
0.2560	0.2727838943116079	-0.00036394673206638383	0.13739007696716865
0.2600	0.2741874500227688	-0.0003605640336857316	0.13795736943953052
0.2640	0.2755886216023686	-0.000357076050856766	0.13852622094187939
0.2680	0.2769877048710151	-0.00035348184627051834	0.13909680744860442
0.2720	0.2783849903567043	-0.0003497804826667118	0.13966930353745066
0.2760	0.27978076624091713	-0.00034597101925906714	0.14024388416294276
0.2800	0.28117531699433546	-0.00034205251229151056	0.1408207237291088
0.2840	0.2825689242085212	-0.00033802401622280687	0.14139999654992808
0.2880	0.28396186671748475	-0.00033388458498215387	0.1419818768656892
0.2920	0.285354420798683	-0.0003296332730280757	0.14256653891443982
0.2960	0.28674686025777174	-0.00032526913957748167	0.14315415693520273
0.3000	0.28813945720060047	-0.00032079123494566266	0.14374490560253217
0.3040	0.2895324807180602	-0.00031619863021339754	0.14433895916260797
0.3080	0.29092619887087945	-0.00031149038902131173	0.14493649263706043
0.3120	0.29232087785588357	-0.00030666559914343356	0.1455376812580934
0.3160	0.29371678189888495	-0.0003017233280147796	0.14614270037225296
0.3200	0.29511417358310577	-0.0002966626746181843	0.14675172561566963
0.3240	0.2965133148884177	-0.0002914827599610126	0.14736493353079094
0.3280	0.2979144657187949	-0.00028618267815208	0.14798250061900908
0.3320	0.2993178846922112	-0.0002807615761927729	0.14860460381351426
0.3360	0.3007238301757986	-0.0002752186083927485	0.14923142109926568
0.3400	0.30213255824851154	-0.00026955293658370024	0.1498631302184913
0.3440	0.30354432482243077	-0.0002637637524754758	0.1504999099806027
0.3480	0.30495938476839446	-0.00025785027714887374	0.15114193969081768
0.3520	0.30637799165536417	-0.0002518117313418422	0.15178939897430987
0.3560	0.307800398493574	-0.00024564739075073883	0.1524424682240908
0.3600	0.30922685741742595	-0.00023935654183140285	0.15310132838648327
0.3640	0.3106576197660814	-0.000232938511962171	0.15376616099698615
0.3680	0.3120929362050043	-0.00022639266453740962	0.15443714824218546
0.3720	0.3135330563660977	-0.00021971838180408361	0.15511447272289558
0.3760	0.31497822963546834	-0.0002129151005339323	0.155798317932328
0.3800	0.3164287043177927	-0.00020598229312393683	0.15648886772002124
0.3840	0.3178847284301392	-0.0001989194755756298	0.15718630677617818
0.3880	0.31934654884644975	-0.00019172621054415375	0.15789082008334376
0.3920	0.3208144120825561	-0.0001844021057755915	0.15860259339583715
0.3960	0.3222885639914135	-0.0001769468177721445	0.15932181303294957
0.4000	0.3237692493539889	-0.00016936006834186848	0.1600486656106257
0.4040	0.32525671303261716	-0.00016164163193570593	0.16078333874665818
0.4080	0.32675119847681505	-0.00015379132532717372	0.16152602010910588
0.4120	0.3282529487466962	-0.00014580906701280806	0.16227689804121737
0.4160	0.32976220625350094	-0.00013769478606953463	0.16303616138000476
0.4200	0.33127921225302137	-0.00012944852036879444	0.16380399911860588
0.4240	0.33280420797616556	-0.00012107036703782643	0.1645806010917078
0.4280	0.33433743322441706	-0.00011256049932831926	0.1653661570711985
0.4320	0.3358791270053701	-0.00010391914514651279	0.16616085714278606
0.4360	0.33742952807764215	-9.514664588319636e-05	0.16696489201306597
0.4400	0.33898887374000186	-8.624339400634215e-05	0.16777845222205323
0.4440	0.3405574003496844	-7.720988517525261e-05	0.16860172843640786
0.4480	0.3421353439823921	-6.804666770854699e-05	0.1694349118229891
0.4520	0.34372293896676376	-5.875444689776008e-05	0.17027819308857617
0.4560	0.3453204190419682	-4.9333936975798656e-05	0.1711317631673156
0.4600	0.3469280167422479	-3.978600271907941e-05	0.17199581278155252
0.4640	0.3485459635925017	-3.0111575364312306e-05	0.17287053251530848
0.4680	0.3501744896717374	-2.031169978954206e-05	0.17375611248465328
0.4720	0.35181382419438856	-1.0387504288340555e-05	0.17465274264178
0.4760	0.35346419515520167	-3.4024229986145957e-07	0.1755606124840723
0.4800	0.355125828631504	9.828765262135986e-06	0.1764799105518059
0.4840	0.35679895019424146	2.0118071901144136e-05	0.17741082523402874
0.4880	0.35848378332495373	3.052614607390273e-05	0.1783535436956647
0.4920	0.36018055033709084	4.105130690418362e-05	0.179308252369764
0.4960	0.36188947170346175	5.169183068640317e-05	0.18027513644620707
0.5000	0.36361076690612676	6.244583713457588e-05	0.18125438030243635
0.5040	0.3653446528676587	7.331136409576052e-05	0.18224616642000124
0.5080	0.3670913457620539	8.428636357760955e-05	0.18325067640989467
0.5120	0.36885105899905685	9.536863734988256e-05	0.1842680896310156
0.5160	0.37062400473749896	0.00010655591488757023	0.18529858402145039
0.5200	0.3724103931832851	0.00011784581747328892	0.1863423355255337
0.5240	0.3742104319791529	0.00012923586678152286	0.18739951758100304
0.5280	0.3760243271821243	0.0001407234858590553	0.188470301591802
0.5320	0.3778522826654557	0.00015230599973745367	0.18955485640413516
0.5360	0.37969449946074973	0.00016398064913882937	0.1906533477461585
0.5400	0.38155117707796976	0.00017574456880431455	0.191765938896872
0.5440	0.38342251176046444	0.00018759482817978738	0.19289278943000276
0.5480	0.38530869775076865	0.0001995283992427005	0.19403405584221167
0.5520	0.387209926627176	0.0002115421880257374	0.19518989096312211
0.5560	0.38912638701836366	0.0002236330319490549	0.19636044360262983
0.5600	0.39105826469571553	0.00023579768004439866	0.19754585843081962
0.5640	0.3930057427454391	0.0002480328409574712	0.19874627590402483
0.5680	0.39496900120622264	0.00026033515587786833	0.19996183185198824
0.5720	0.3969482167118285	0.0002727012287392701	0.20119265707078848
0.5760	0.3989435629023155	0.0002851276221218172	0.20243887739519373
0.5800	0.4009552097179977	0.00029761085859585784	0.203700613070126
0.5840	0.40298332419170046	0.00031014743611296983	0.2049779790634425
0.5880	0.405028069011552	0.0003227338403122922	0.20627108398256633
0.5920	0.4070896036213266	0.0003353665305944208	0.20758003058862495
0.5960	0.4091680836122841	0.00034804201606030794	0.2089049152395892
0.6000	0.411263660214102	0.00036075673387465544	0.21024582740225206
0.6040	0.4133764808675044	0.0003735072147685429	0.21160284985518774
0.6080	0.41550668837503907	0.00038628997159638706	0.21297605800028863
0.6120	0.41765442165659183	0.0003991015746478072	0.2143655201966509
0.6160	0.419819814552252	0.00041193862703958707	0.21577129687642016
0.6200	0.42200299650397766	0.0004247977995156468	0.21719344085740022
0.6240	0.42420409184821506	0.0004376758295265566	0.2186319967936512
0.6280	0.42642322019766477	0.0004505695224020167	0.22008700132729697
0.6320	0.42866049576097953	0.00046347577231721753	0.22155848258972666
0.6360	0.4309160277158783	0.0004763915641094171	0.2230464603838329
0.6400	0.433189919233258	0.0004893139935485191	0.22455094553892463
0.6440	0.43548226851711236	0.0005022402636222446	0.2260719405531486
0.6480	0.4377931675009466	0.0005151676988862928	0.2276094387837987
0.6520	0.4401227022000537	0.0005280937498615679	0.22916342470677264
0.6560	0.4424709527139556	0.000541016010570446	0.23073387397719158
0.6600	0.44483799287795645	0.0005539321832923799	0.23232075329474744
0.6640	0.44722388968131194	0.0005668401705750712	0.2339240201541759
0.6680	0.449628704123231	0.0005797379841836665	0.23554362352227187
0.6720	0.4520524899917677	0.0005926238271844516	0.23717950323840875
0.6760	0.45449529433984365	0.0006054960115206013	0.2388315905118088
0.6800	0.4569571571895121	0.0006183530586235933	0.24049980796209003
0.6840	0.4594381113328782	0.0006311936226382071	0.24218406974734108
0.6880	0.4619381822571725	0.000644016540368371	0.2438842818011654
0.6920	0.46445738794006897	0.0006568207751618234	0.2456003420138696
0.6960	0.4669957387844885	0.0006696054621485127	0.2473321405308646
0.7000	0.4695532374960967	0.0006823699039974258	0.24907956003996445
0.7040	0.4721298788991918	0.0006951135075808962	0.2508424760442358
0.7080	0.4747256499629499	0.0007078358470071324	0.2526207572930814
0.7120	0.4773405293743862	0.0007205366001958034	0.2544142659477959
0.7160	0.4799744881580947	0.0007332155749334482	0.2562228584274604
0.7200	0.48262748867928285	0.000745872657319607	0.2580463852518182
0.7240	0.4852994852877598	0.0007585078434814755	0.2598846919374327
0.7280	0.48799042394302294	0.0007711211702436597	0.2617376192592148
0.7320	0.49070024231719356	0.0007837127382634591	0.2636050038259856
0.7360	0.4934288694888758	0.0007962826777379205	0.2654866784032809
0.7400	0.4961762265458426	0.0008088311003785461	0.267382472811698
0.7440	0.4989422258546756	0.0008213581279499942	0.26929221398476155
0.7480	0.5017267713857814	0.0008338638150544738	0.271215726689215
0.7520	0.5045297591714596	0.0008463481496975389	0.27315283432004234
0.7560	0.5073510765290787	0.0008588109894869799	0.2751033589046752
0.7600	0.5101906028496948	0.000871252114166727	0.2770671220837342
0.7640	0.5130482093421243	0.0008836710750612334	0.27904394540762867
0.7680	0.51592375908936	0.0008960672516060582	0.28103365081347154
0.7720	0.5188171074802808	0.0009084397678383945	0.2830360613096532
0.7760	0.5217281022063511	0.0009207874930682497	0.28505100135707473
0.7800	0.5246565831620156	0.0009331089578172991	0.2870782971568847
0.7840	0.5276023830704053	0.0009454023450756025	0.2891177773617867
0.7880	0.5305653272654325	0.0009576654631699338	0.29116927321459607
0.7920	0.5335452345088666	0.0009698956764825012	0.29323261929984523
0.7960	0.5365419164654599	0.0009820898734764498	0.2953076534043316
0.8000	0.53955517860685	0.0009942444473526166	0.2973942172376399
0.8040	0.5425848200158377	0.0010063552107704538	0.2994921564083699
0.8080	0.5456306341248361	0.0010184174030191664	0.3016013209462528
0.8120	0.5486924088217954	0.0010304256308286306	0.30372156537415884
0.8160	0.5517699265851023	0.0010423738259191621	0.3058527487520032
0.8200	0.5548629651644992	0.0010542552016137407	0.3079947350178256
0.8240	0.55797129784531	0.0010660622823192101	0.3101473930182663
0.8280	0.5610946937095252	0.0010777867466830544	0.31231059648899007
0.8320	0.564232918133447	0.0010894194788484547	0.31448422414369726
0.8360	0.567385733279788	0.0011009505755317226	0.316668159715495
0.8400	0.570552898123996	0.0011123691818316858	0.3188622916616868
0.8440	0.5737341696279984	0.001123663632821355	0.3210665135613797
0.8480	0.5769293023063656	0.0011348213018410108	0.3232807234560706
0.8520	0.5801380492270063	0.0011458286129703258	0.3255048240717038
0.8560	0.5833601623395654	0.001156671086754115	0.32773872258571246
0.8600	0.5865953928120946	0.0011673332202184936	0.32998233037451463
0.8640	0.5898434916654577	0.0011777986151034103	0.33223556293295875
0.8680	0.5931042099949781	0.0011880497903499069	0.3344983395125004
0.8720	0.5963772996814597	0.0011980683909076735	0.336770583063416
0.8760	0.5996625136277345	0.001207835019809333	0.3390522198637421
0.8800	0.6029596063341139	0.0012173293525100568	0.34134317936452196
0.8840	0.6062683341780077	0.0012265299955846836	0.34364339384498166
0.8880	0.6095884559514962	0.0012354147478705869	0.345952798241855
0.8920	0.612919733465284	0.0012439603866215305	0.3482713300236201
0.8960	0.6162619315409306	0.0012521428690912561	0.35059892869529763
0.9000	0.6196148185886472	0.0012599371385283685	0.35293553568670677
0.9040	0.6229781671636533	0.0012673174488416275	0.35528109425251664
0.9080	0.626351753994189	0.001274257114922646	0.3576355490528246
0.9120	0.629735360616544	0.0012807287966478654	0.35999884615123634
0.9160	0.6331287733786104	0.0012867042874869746	0.36237093263361975
0.9200	0.6365317840535573	0.001292154827266146	0.36475175665023973
0.9240	0.639944189898564	0.0012970509774383008	0.36714126713151674
0.9280	0.6433657939255362	0.0013013626982435686	0.36953941367374743
0.9320	0.6467964051627596	0.0013050594442698877	0.37194614645263835
0.9360	0.6502358388622652	0.0013081102307208631	0.37436141613593676
0.9400	0.6536839165914912	0.0013104836381972644	0.37678517375632326
0.9440	0.6571404665132997	0.0013121479933368842	0.3792173707398647
0.9480	0.6606053231911934	0.0013130711917905616	0.38165795866289887
0.9520	0.6640783281307829	0.0013132211292603922	0.3841068895158285
0.9560	0.6675593294220876	0.0013125654482775877	0.3865641154195567
0.9600	0.671048181924558	0.001311071733308655	0.38902958872329474
0.9640	0.6745447473546278	0.0013087076309647161	0.39150326206717057
0.9680	0.6780488940523254	0.0013054408640493622	0.39398508826708534
0.9720	0.6815604971615372	0.0013012393072073139	0.3964750204891241
0.9760	0.6850794384019042	0.001296071040043948	0.3989730121863938
0.9800	0.6886056059255004	0.0012899044909844997	0.40147901711119915
0.9840	0.6921388943208818	0.0012827084262931887	0.40399298943911854
0.9880	0.695679204438366	0.0012744521090030337	0.4065148837960667
0.9920	0.6992264431605576	0.0012651052851803263	0.40904465526329636
0.9960	0.7027805231853137	0.0012546382395182804	0.4115822594027565
1.0000	0.7063413630072666	0.0012430219821852472	0.4141276524188897
1.0040	0.709908886428964	0.001230228205220488	0.4166807910251681
1.0080	0.7134830227168036	0.0012162293707227705	0.41924163273000437
1.0120	0.7170637057960221	0.0012009987749689133	0.4218101355087793
1.0160	0.7206508746800382	0.0011845106098606604	0.42438625826893217
1.0200	0.7242444724997582	0.001166740000778414	0.4269699604154462
1.0240	0.7278444469692054	0.0011476631099998657	0.4295612023367501
1.0280	0.7314507494391341	0.001127257067415203	0.4321599449793482
1.0320	0.7350633350189508	0.0011055001542758804	0.43476615010409025
1.0360	0.7386821623657052	0.0010823717564806548	0.4373797803223829
1.0400	0.7423071931161108	0.0010578524627095672	0.44000079889583643
1.0440	0.7459383918031561	0.0010319240118067121	0.44262916983966416
1.0480	0.7495757256332185	0.0010045694334373046	0.4452648579283718
1.0520	0.7532191639988345	0.0009757729675110686	0.447907828521783
1.0560	0.7568686786559591	0.0009455202127962546	0.45055804781125175
1.0600	0.7605242430287653	0.0009137980630205784	0.4532154824933142
1.0640	0.7641858321255197	0.0008805947171066031	0.45588009982865985
1.0680	0.7678534226213853	0.0008458998172619287	0.45855186780024415
1.0720	0.7715269920645891	0.0008097042650366149	0.46123075469616204
1.0760	0.775206519247338	0.0007720004713126107	0.46391672943601514
1.0800	0.778891983596071	0.0007327821952843825	0.46660976125550946
1.0840	0.7825833652690718	0.0006920445692550546	0.4693098198421528
1.0880	0.7862806448660231	0.0006497842577066668	0.4720168752092081
1.0920	0.7899838031814986	0.0006059992098800402	0.4747308975950366
1.0960	0.7936928213429857	0.0005606889538331251	0.477451857601365
1.1000	0.7974076803174258	0.0005138543086133882	0.48017972591980784
1.1040	0.8011283611484501	0.0004654976642800009	0.48291447352338046
1.1080	0.8048548445380799	0.00041562272522777284	0.4856560714309506
1.1120	0.8085871109437427	0.00036423473274074987	0.48840449079744674
1.1160	0.8123251405264814	0.00031134032983239605	0.4911597029082102
1.1200	0.8160689128009218	0.00025694755267406525	0.49392167897162575
1.1240	0.8198184068836694	0.0002010659213727948	0.4966903902985098
1.1280	0.8235736012724273	0.00014370636790931226	0.49946580817347086
1.1320	0.8273344738151653	8.48812406769059e-05	0.5022479038468415
1.1360	0.8311010017044305	2.460430963077025e-05	0.5050366485400276
1.1400	0.8348731613701019	-3.71092382735138e-05	0.5078320133809711
1.1440	0.8386509285911359	-0.00010024283020898021	0.5106339694840543
1.1480	0.8424342783297613	-0.0001647784549020155	0.5134424878407151
1.1520	0.846223184809507	-0.000230696731652271	0.5162575393724156
1.1560	0.8500176214703514	-0.00029797688987567633	0.5190790948988214
1.1600	0.8538175610374967	-0.0003665967362107436	0.5219071251782602
1.1640	0.8576229753338288	-0.0004365328070202038	0.5247416007819196
1.1680	0.861433835573788	-0.0005077601568343339	0.5275824922753791
1.1720	0.8652501121705773	-0.0005802525240126823	0.5304297700861437
1.1760	0.8690717748050032	-0.0006539822982904535	0.5332834045379944
1.1800	0.8728987924064558	-0.0007289205636942281	0.536143365827341
1.1840	0.8767311332909258	-0.0008050370084330571	0.539009624099239
1.1880	0.880568765107535	-0.0008823000088453206	0.5418821493996289
1.1920	0.8844116547949123	-0.000960676658941791	0.5447609116299877
1.1960	0.8882597686972677	-0.0010401327928804473	0.5476458806117526
1.2000	0.892113072674252	-0.0011206328255776931	0.5505370261334751
1.2040	0.8959715319165231	-0.001202140013100491	0.5534343178189979
1.2080	0.8998351112147147	-0.0012846162484121814	0.5563377252811231
1.2120	0.903703774746371	-0.0013680222788443265	0.559247217966604
1.2160	0.9075774862926784	-0.0014523175454462904	0.5621627652737243
1.2200	0.9114562092294252	-0.0015374602952282327	0.5650843365334774
1.2240	0.9153399065016614	-0.001623407566735674	0.5680119009670614
1.2280	0.9192285407197632	-0.0017101151941719297	0.5709454277302145
1.2320	0.9231220741406355	-0.0017975378930549849	0.5738848858868774
1.2360	0.9270204687039632	-0.0018856292160593017	0.5768302444065387
1.2400	0.9309236861163248	-0.0019743415689171	0.5797814722014059
1.2440	0.9348316878820163	-0.002063626244002287	0.5827385381341604
1.2480	0.9387444351464748	-0.0021534335414984582	0.5857014108890625
1.2520	0.9426618889626073	-0.002243712659621868	0.5886700591353854
1.2560	0.9465840101760858	-0.002334411803421435	0.591644451434456
1.2600	0.9505107595418929	-0.0024254781398077865	0.5946245562960095
1.2640	0.9544420976246122	-0.002516857939857229	0.5976103421035364
1.2680	0.9583779849041462	-0.0026084965385257996	0.6006017771673828
1.2720	0.9623183817793999	-0.002700338380111713	0.6035988297108585
1.2760	0.9662632486050488	-0.002792327044436849	0.606601467890722
1.2800	0.9702125456366807	-0.0028844053414284177	0.6096096597386589
1.2840	0.9741662331170763	-0.002976515298634401	0.6126233732173085
1.2880	0.9781242712749509	-0.0030685982066862936	0.6156425762078771
1.2920	0.9820866203042085	-0.003160594712712517	0.6186672364814491
1.2960	0.9860532404545732	-0.003252444777039952	0.6216973217632861
1.3000	0.9900240919418191	-0.003344087824873518	0.6247327996568582
1.3040	0.9939991349327664	-0.0034354628041100093	0.6277736376358314
1.3080	0.997978329712239	-0.0035265081241924747	0.6308198031444643
1.3120	1.0019616366425455	-0.0036171617350370805	0.6338712635681183
1.3160	1.0059490160108984	-0.0037073613222723817	0.6369279861327379
1.3200	1.009940428209199	-0.0037970442177848824	0.6399899380187812
1.3240	1.0139358336836581	-0.003886147533390047	0.6430570863229812
1.3280	1.017935192850738	-0.003974608233979221	0.6461293980131658
1.3320	1.0219384662617024	-0.0040623631486313575	0.6492068400221387
1.3360	1.0259456145223569	-0.004149349051474508	0.6522893792036335
1.3400	1.0299565982682861	-0.004235502768325451	0.6553769823147781
1.3440	1.0339713782297406	-0.004320761194787951	0.6584696160601222
1.3480	1.0379899151542749	-0.004405061458964383	0.6615672470385975
1.3520	1.042012169807751	-0.00448834091657401	0.6646698417565544
1.3560	1.046038103106154	-0.0045705372269691175	0.6677773667019983
1.3600	1.0500676759836438	-0.004651588457382565	0.670889788270301
1.3640	1.0541008494582642	-0.004731433131008523	0.674007072807277
1.3680	1.0581375845671561	-0.004810010391458076	0.677129186566727
1.3720	1.0621778424054222	-0.0048872599819176936	0.680256095745292
1.3760	1.066221584167182	-0.004963122366865247	0.6833877665048423
1.3800	1.0702687709954448	-0.0050375388657201235	0.6865241648859185
1.3840	1.074319364289384	-0.005110451569341583	0.6896652570005178
1.3880	1.0783733252891219	-0.005181803687018234	0.6928110087751471
1.3920	1.082430615405104	-0.005251539400110441	0.6959613861629527
1.3960	1.0864911961065726	-0.00531960402815425	0.6991163550756462
1.4000	1.0905550288363461	-0.005385944187212832	0.7022758813323234
1.4040	1.0946220751289484	-0.0054505077793501324	0.7054399307383653
1.4080	1.0986922965992385	-0.005513244086289469	0.7086084690813127
1.4120	1.1027656549205553	-0.005574103874231457	0.7117814621201147
1.4160	1.1068421117139153	-0.005633039570699917	0.714958875517222
1.4200	1.1109216287441257	-0.005690005191928213	0.7181406749672321
1.4240	1.11500416782716	-0.00574495650369425	0.7213268261404293
1.4280	1.1190896907858678	-0.005797851140731529	0.7245172946573031
1.4320	1.1231781595124062	-0.005848648632930645	0.7277120461326203
1.4360	1.127269535999411	-0.005897310532929838	0.7309110461919933
1.4400	1.1313637821503197	-0.005943800477463911	0.7341142603659935
1.4440	1.135460860060121	-0.005988084272957609	0.737321654257307
1.4480	1.1395607318151921	-0.00603012995969514	0.740533193425721
1.4520	1.143663359630684	-0.0060699079219585506	0.7437488434694013
1.4560	1.147768705574878	-0.006107390967972731	0.746968569865174
1.4600	1.1518767320548675	-0.006142554361320734	0.7501923382601114
1.4640	1.1559874012818503	-0.006175375924824087	0.7534201141546971
1.4680	1.1601006756441008	-0.006205836163598989	0.7566518631242224
1.4720	1.1642165176056702	-0.006233918201410959	0.7598875507666482
1.4760	1.16833488958328	-0.006259608016140482	0.7631271426230057
1.4800	1.172455754219295	-0.006282894362362047	0.7663706043481728
1.4840	1.176579073996943	-0.006303768920837802	0.7696179014799457
1.4880	1.1807048116062424	-0.006322226355359148	0.7728689996582775
1.4920	1.1848329297698945	-0.00633826430242903	0.776123864525948
1.4960	1.1889633912908089	-0.006351883466661042	0.7793824617567043
1.5000	1.1930961589759441	-0.006363087719210819	0.7826447570083339
1.5040	1.1972311957529809	-0.006371884056183188	0.7859107159984495
1.5080	1.2013684645039493	-0.006378282774848905	0.7891803043989756
1.5120	1.2055079283399115	-0.0063822972927179596	0.792453488013195
1.5160	1.2096495502611568	-0.006383944437487626	0.7957302325602917
1.5200	1.2137932935348443	-0.006383244293146884	0.7990105039115126
1.5240	1.21793912118925	-0.006380220353796839	0.8022942677820736
1.5280	1.222086996617105	-0.006374899424899338	0.8055814901006707
1.5320	1.226236883122084	-0.006367311743323257	0.8088721367312814
1.5360	1.2303887440913188	-0.006357490955711953	0.8121661735806721
1.5400	1.2345425429588592	-0.0063454741383422684	0.8154635665759776
1.5440	1.238698243272849	-0.0063313017550280255	0.8187642817083971
1.5480	1.2428558085517463	-0.006315017760816263	0.8220682849416941
1.5520	1.2470152024545447	-0.006296669470969144	0.8253755423215783
1.5560	1.2511763887200216	-0.006276307588687648	0.8286860199375159
1.5600	1.2553393310574559	-0.0062539862813070805	0.831999683853161
1.5640	1.2595039932154182	-0.006229763100386609	0.8353165001506043
1.5680	1.263670339129252	-0.006203698837287656	0.8386364350251402
1.5720	1.2678383327217229	-0.006175857645391312	0.8419594546579933
1.5760	1.272007937925914	-0.006146306984308006	0.8452855252313839
1.5800	1.276179118777071	-0.006115117496956006	0.8486146129873134
1.5840	1.280351839349655	-0.006082363008990482	0.8519466841874733
1.5880	1.2845260637694667	-0.006048120465082835	0.8552817051211262
1.5920	1.2887017562396417	-0.006012469832380867	0.8586196421219322
1.5960	1.2928788809694083	-0.005975494095228143	0.8619604615223694
1.6000	1.297057402140879	-0.005937279200079966	0.8653041296322521
1.6040	1.3012372841625992	-0.005897913748203467	0.8686506129025425
1.6080	1.3054184914474227	-0.005857489224733413	0.8719998777754516
1.6120	1.3096009881835196	-0.005816099717222064	0.875351890555094
1.6160	1.3137847389992139	-0.00577384177420438	0.8787066178122067
1.6200	1.31796970829807	-0.0057308144575606915	0.8820640259720293
1.6240	1.3221558605585022	-0.005687119134734855	0.8854240815011472
1.6280	1.3263431603168188	-0.005642859315776387	0.8887867508983903
1.6320	1.3305315722928674	-0.005598140592296975	0.8921520007672158
1.6360	1.3347210608575322	-0.005553070520503976	0.8955197974923804
1.6400	1.3389115908228684	-0.005507758375832087	0.8988901077242805
1.6440	1.3431031267714015	-0.005462315157921118	0.9022628979628785
1.6480	1.347295633392088	-0.0054168533236053935	0.9056381347680801
1.6520	1.3514890754422013	-0.005371486623369906	0.9090157847353112
1.6560	1.3556834176515584	-0.005326330021611824	0.9123958144341249
1.6600	1.359878624713492	-0.005281499534914969	0.9157781904018792
1.6640	1.3640746614682313	-0.005237111911365036	0.9191628792606221
1.6680	1.3682714926982733	-0.005193284603962	0.9225498475859317
1.6720	1.372469083161183	-0.0051501355699982935	0.9259390619273548
1.6760	1.3766673977655577	-0.005107782942609431	0.929330488920748
1.6800	1.3808664013115872	-0.005066345030524991	0.9327240951218305
1.6840	1.3850660586869457	-0.005025939978403389	0.9361198471314442
1.6880	1.3892663346794	-0.004986685700402569	0.939517711474788
1.6920	1.3934671942640764	-0.004948699461057084	0.942917654785252
1.6960	1.3976686023043314	-0.004912097883648407	0.9463196436127264
1.7000	1.4018705235856308	-0.004876996699064055	0.9497236444463647
1.7040	1.4060729232592717	-0.004843510354353718	0.9531296239896125
1.7080	1.410275766016094	-0.004811751984774105	0.9565375486511594
1.7120	1.4144790168775387	-0.004781833181818791	0.9599473850274762
1.7160	1.418682640754096	-0.004753863668807961	0.9633590996351801
1.7200	1.4228866026454492	-0.004727951101427928	0.9667726590341615
1.7240	1.4270908673725748	-0.004704201015788978	0.9701880296564732
1.7280	1.4312954000175497	-0.004682716263196749	0.9736051780879058
1.7320	1.4355001654662871	-0.004663597149724904	0.9770240707753013
1.7360	1.4397051286830822	-0.004646940989629663	0.9804446742024308
1.7400	1.4439102546770237	-0.004632841910678396	0.9838669548684156
1.7440	1.4481155083777233	-0.0046213907326029405	0.9872908792085726
1.7480	1.4523208547131126	-0.004612674652117347	0.9907164136456061
1.7520	1.4565262588708607	-0.004606777022665201	0.9941435247481661
1.7560	1.4607316856268642	-0.0046037771561049405	0.9975721788224698
1.7600	1.4649371000309177	-0.004603750248268482	1.0010023423262226
1.7640	1.469142467140585	-0.004606766879517199	1.0044339817149925
1.7680	1.4733477519377172	-0.004612893035426329	1.0078670633857607
1.7720	1.4775529195565118	-0.004622189913807644	1.0113015538142847
1.7760	1.4817579348009962	-0.004634713569155613	1.0147374192679344
1.7800	1.485962762900967	-0.00465051483054192	1.0181746262643432
1.7840	1.4901673687969503	-0.004669639158623651	1.021613141131442
1.7880	1.4943717175833449	-0.00469212631853653	1.0250529302861318
1.7920	1.498575774422549	-0.00471801024679756	1.028493960180818
1.7960	1.5027795042339993	-0.0047473191340608656	1.0319361971047636
1.8000	1.5069828721505325	-0.004780074910332246	1.0353796074754777
1.8040	1.5111858433914804	-0.0048162931889537235	1.0388241577585249
1.8080	1.515388382885479	-0.004855983430979108	1.0422698142271143
1.8120	1.5195904558637054	-0.00489914831061827	1.045716543345066
1.8160	1.5237920275764747	-0.004945784018536754	1.0491643115789115
1.8200	1.527993063055522	-0.004995880027963182	1.0526130852580513
1.8240	1.5321935274665466	-0.005049418894140091	1.0560628307943674
1.8280	1.5363933860951478	-0.00510637639209038	1.0595135146627552
1.8320	1.540592604079754	-0.005166721260871136	1.0629651032456309
1.8360	1.544791146909614	-0.005230415173585102	1.0664175631406705
1.8400	1.5489889794216405	-0.005297412871576807	1.069870860546783
1.8440	1.5531860672624558	-0.005367661774175032	1.0733249621711338
1.8480	1.5573823756337202	-0.005441102400585255	1.0767798344374322
1.8520	1.5615778699188276	-0.005517668073679958	1.0802354438727022
1.8560	1.5657725153733772	-0.0055972850389338	1.0836917569128932
1.8600	1.5699662777024013	-0.005679872222442348	1.0871487402765994
1.8640	1.5741591218364814	-0.005765341590107915	1.0906063602250762
1.8680	1.5783510136549141	-0.005853597963999239	1.0940645836270704
1.8720	1.5825419182156515	-0.005944539377870836	1.097523376842132
1.8760	1.5867318011880704	-0.006038057066792604	1.1009827065652922
1.8800	1.590920628269271	-0.006134035235595682	1.1044425394659412
1.8840	1.595108364850494	-0.006232351495098969	1.1079028420171513
1.8880	1.5992949764626991	-0.006332876585452861	1.1113635808583706
1.8920	1.6034804284183988	-0.006435475103273074	1.1148247225907828
1.8960	1.6076646861444024	-0.006540005821143405	1.118286233901103
1.9000	1.6118477156866262	-0.006646321861771884	1.1217480817131207
1.9040	1.6160294826713952	-0.006754270632140891	1.1252102324786326
1.9080	1.6202099532911716	-0.006863693295478706	1.1286726529451752
1.9120	1.6243890925913913	-0.006974425404926999	1.1321353094122226
1.9160	1.6285668656313876	-0.007086297336586058	1.1355981686390175
1.9200	1.6327432375528899	-0.007199136162638532	1.13906119757978
1.9240	1.636918174657021	-0.0073127660325087995	1.1425243633780209
1.9280	1.6410916445314228	-0.0074270068668584955	1.145987633031176
1.9320	1.6452636140698418	-0.0075416727584947975	1.149450972701843
1.9360	1.6494340479324667	-0.0076565712481024145	1.1529143481794295
1.9400	1.6536029084722415	-0.007771506305385284	1.156377725805322
1.9440	1.6577701586045994	-0.007886283479276349	1.159841073219714
1.9480	1.6619357663933354	-0.008000712193154437	1.1633043592374415
1.9520	1.6660997048638722	-0.008114601006356211	1.1667675515197087
1.9560	1.6702619468178634	-0.008227748280332927	1.170230615308459
1.9600	1.6744224541035422	-0.00833993820459975	1.1736935130409827
1.9640	1.6785811768851167	-0.008450950404723427	1.1771562089392509
1.9680	1.6827380658267348	-0.008560580767656522	1.1806186727840524
1.9720	1.686893094221912	-0.00866865296663894	1.1840808802220018
1.9760	1.6910462623812603	-0.008775000444373758	1.1875428041236953
1.9800	1.695197570322431	-0.008879423997901339	1.1910044051303563
1.9840	1.6993469697040977	-0.008981666850037902	1.1944656308171953
1.9880	1.703494351169047	-0.00908145165540377	1.19792643342686
1.9920	1.7076396044917908	-0.009178572243403458	1.2013867919576895
1.9960	1.7117827235335366	-0.009272952903557955	1.2048467139367423
2.0000	1.7159238411266706	-0.009364574662672483	1.2083061994915054
2.0040	1.720063095458725	-0.009453279076473349	1.2117651903769162
2.0080	1.7242003929237217	-0.009538633949374103	1.2152235630126726
2.0120	1.728335324182719	-0.00962008823571268	1.2186812061790495
2.0160	1.7324674638603001	-0.00969740182142073	1.2221381374065612
2.0200	1.7365969093590743	-0.0097709544241792	1.225594523219085
2.0240	1.7407244747065262	-0.009841418673221984	1.2290505068210427
2.0280	1.7448510091549465	-0.00990880358705564	1.2325059421601623
2.0320	1.7489761571110978	-0.009971760800288642	1.2359603370350232
2.0360	1.7530979081335716	-0.010028297919565193	1.2394132376421971
2.0400	1.7572141800124226	-0.010077910992807469	1.2428648404112428
2.0440	1.761325680622583	-0.010123205984763049	1.2463161311220352
2.0480	1.7654368744235858	-0.010168288726755377	1.2497679888662214
2.0520	1.769552247579764	-0.010213821782649108	1.253219756405762
2.0560	1.7736695724963676	-0.010253511625782495	1.2566688742745806
2.0600	1.7777775812792573	-0.01027776197493684	1.2601128766816934
2.0640	1.7818650649767251	-0.010284651770451788	1.263552742168502
2.0680	1.785936348641339	-0.01028901151111064	1.266993579048794
2.0720	1.7900151608869306	-0.010313202523041524	1.270439430772768
2.0760	1.7941230444987886	-0.01035944066561005	1.2738853813005893
2.0800	1.7982401655778442	-0.010394697410227829	1.277314906904203
2.0840	1.8022924262665492	-0.010369074828948652	1.2807101540251704
2.0880	1.806209372956774	-0.010272273982273646	1.2840711853215894
2.0920	1.8100015451835412	-0.010199832411629108	1.287415089887413
2.0960	1.813758609757794	-0.010278228443255061	1.2907385213802303
2.1000	1.8175320073747794	-0.010489277508790106	1.2939762758483782
2.1040	1.821038710307095	-0.010695503226716977	1.2969591133402365
2.1080	1.823567725364541	-0.010623446356905071	1.299458465475096
2.1120	1.8244016119786282	-0.010174562474756111	1.3012945689289974
2.1160	1.8228637192923156	-0.010358519422921899	1.3021743869503615
2.1200	1.8177265596680867	-0.011943346278816687	1.3011898632450198
2.1240	1.8074238542804784	-0.014064080191507657	1.2969131795738078
2.1280	1.7846596963569115	-0.017944918085624727	1.285663641114171
2.1320	1.7375503423951222	-0.019914983921553817	1.2627577736718179
2.1360	1.6500042609627403	-0.02192929718291929	1.2208418085013601
2.1400	1.4839878114967324	-0.06492411710477689	1.1444542441896437
2.1440	1.146002624819137	-0.1384107899735843	0.9859823561920901
2.1480	0.6355141767178092	-0.12702332456630405	0.7324147307079435
2.1520	-0.6173861028374149	-0.3004864592766266	0.13303582108612466
2.1560	-5.255890114299722	0.6141969148708719	-1.9652998768554693
2.1600	-12.333615566430353	-17.801363055334697	-4.230275542549019
2.1640	21.31245176069183	133.7857723523042	16.064652393764653
2.1680	192906.7308830228	-97599.21465850528	100114.73599953858
2.1720	5060244544.85687	-8601258938.408688	2633405095.7564716
2.1760	5.78368243351263e+19	-6.531273174811653e+19	2.9837226734415892e+19
2.1800	3.1271155351638906e+39	1.159966705619541e+39	1.3418516429875842e+39
2.1840	-9.402654205096638e+77	2.394824197201765e+78	-6.280195182071804e+77
2.1880	-3.839398737996718e+156	1.3317545704779985e+156	-1.8594990616907517e+156
2.1920	nan	nan	nan
2.1960	nan	nan	nan
2.2000	nan	nan	nan
2.2040	nan	nan	nan
2.2080	nan	nan	nan
2.2120	nan	nan	nan
2.2160	nan	nan	nan
2.2200	nan	nan	nan
2.2240	nan	nan	nan
2.2280	nan	nan	nan
2.2320	nan	nan	nan
2.2360	nan	nan	nan
2.2400	nan	nan	nan
2.2440	nan	nan	nan
2.2480	nan	nan	nan
2.2520	nan	nan	nan
2.2560	nan	nan	nan
2.2600	nan	nan	nan
2.2640	nan	nan	nan
2.2680	nan	nan	nan
2.2720	nan	nan	nan
2.2760	nan	nan	nan
2.2800	nan	nan	nan
2.2840	nan	nan	nan
2.2880	nan	nan	nan
2.2920	nan	nan	nan
2.2960	nan	nan	nan
2.3000	nan	nan	nan
2.3040	nan	nan	nan
2.3080	nan	nan	nan
2.3120	nan	nan	nan
2.3160	nan	nan	nan
2.3200	nan	nan	nan
2.3240	nan	nan	nan
2.3280	nan	nan	nan
2.3320	nan	nan	nan
2.3360	nan	nan	nan
2.3400	nan	nan	nan
2.3440	nan	nan	nan
2.3480	nan	nan	nan
2.3520	nan	nan	nan
2.3560	nan	nan	nan
2.3600	nan	nan	nan
2.3640	nan	nan	nan
2.3680	nan	nan	nan
2.3720	nan	nan	nan
2.3760	nan	nan	nan
2.3800	nan	nan	nan
2.3840	nan	nan	nan
2.3880	nan	nan	nan
2.3920	nan	nan	nan
2.3960	nan	nan	nan
2.4000	nan	nan	nan
2.4040	nan	nan	nan
2.4080	nan	nan	nan
2.4120	nan	nan	nan
2.4160	nan	nan	nan
2.4200	nan	nan	nan
2.4240	nan	nan	nan
2.4280	nan	nan	nan
2.4320	nan	nan	nan
2.4360	nan	nan	nan
2.4400	nan	nan	nan
2.4440	nan	nan	nan
2.4480	nan	nan	nan
2.4520	nan	nan	nan
2.4560	nan	nan	nan
2.4600	nan	nan	nan
2.4640	nan	nan	nan
2.4680	nan	nan	nan
2.4720	nan	nan	nan
2.4760	nan	nan	nan
2.4800	nan	nan	nan
2.4840	nan	nan	nan
2.4880	nan	nan	nan
2.4920	nan	nan	nan
2.4960	nan	nan	nan
2.5000	nan	nan	nan
2.5040	nan	nan	nan
2.5080	nan	nan	nan
2.5120	nan	nan	nan
2.5160	nan	nan	nan
2.5200	nan	nan	nan
2.5240	nan	nan	nan
2.5280	nan	nan	nan
2.5320	nan	nan	nan
2.5360	nan	nan	nan
2.5400	nan	nan	nan
2.5440	nan	nan	nan
2.5480	nan	nan	nan
2.5520	nan	nan	nan
2.5560	nan	nan	nan
2.5600	nan	nan	nan
2.5640	nan	nan	nan
2.5680	nan	nan	nan
2.5720	nan	nan	nan
2.5760	nan	nan	nan
2.5800	nan	nan	nan
2.5840	nan	nan	nan
2.5880	nan	nan	nan
2.5920	nan	nan	nan
2.5960	nan	nan	nan
2.6000	nan	nan	nan
2.6040	nan	nan	nan
2.6080	nan	nan	nan
2.6120	nan	nan	nan
2.6160	nan	nan	nan
2.6200	nan	nan	nan
2.6240	nan	nan	nan
2.6280	nan	nan	nan
2.6320	nan	nan	nan
2.6360	nan	nan	nan
2.6400	nan	nan	nan
2.6440	nan	nan	nan
2.6480	nan	nan	nan
2.6520	nan	nan	nan
2.6560	nan	nan	nan
2.6600	nan	nan	nan
2.6640	nan	nan	nan
2.6680	nan	nan	nan
2.6720	nan	nan	nan
2.6760	nan	nan	nan
2.6800	nan	nan	nan
2.6840	nan	nan	nan
2.6880	nan	nan	nan
2.6920	nan	nan	nan
2.6960	nan	nan	nan
2.7000	nan	nan	nan
2.7040	nan	nan	nan
2.7080	nan	nan	nan
2.7120	nan	nan	nan
2.7160	nan	nan	nan
2.7200	nan	nan	nan
2.7240	nan	nan	nan
2.7280	nan	nan	nan
2.7320	nan	nan	nan
2.7360	nan	nan	nan
2.7400	nan	nan	nan
2.7440	nan	nan	nan
2.7480	nan	nan	nan
2.7520	nan	nan	nan
2.7560	nan	nan	nan
2.7600	nan	nan	nan
2.7640	nan	nan	nan
2.7680	nan	nan	nan
2.7720	nan	nan	nan
2.7760	nan	nan	nan
2.7800	nan	nan	nan
2.7840	nan	nan	nan
2.7880	nan	nan	nan
2.7920	nan	nan	nan
2.7960	nan	nan	nan
2.8000	nan	nan	nan
2.8040	nan	nan	nan
2.8080	nan	nan	nan
2.8120	nan	nan	nan
2.8160	nan	nan	nan
2.8200	nan	nan	nan
2.8240	nan	nan	nan
2.8280	nan	nan	nan
2.8320	nan	nan	nan
2.8360	nan	nan	nan
2.8400	nan	nan	nan
2.8440	nan	nan	nan
2.8480	nan	nan	nan
2.8520	nan	nan	nan
2.8560	nan	nan	nan
2.8600	nan	nan	nan
2.8640	nan	nan	nan
2.8680	nan	nan	nan
2.8720	nan	nan	nan
2.8760	nan	nan	nan
2.8800	nan	nan	nan
2.8840	nan	nan	nan
2.8880	nan	nan	nan
2.8920	nan	nan	nan
2.8960	nan	nan	nan
2.9000	nan	nan	nan
2.9040	nan	nan	nan
2.9080	nan	nan	nan
2.9120	nan	nan	nan
2.9160	nan	nan	nan
2.9200	nan	nan	nan
2.9240	nan	nan	nan
2.9280	nan	nan	nan
2.9320	nan	nan	nan
2.9360	nan	nan	nan
2.9400	nan	nan	nan
2.9440	nan	nan	nan
2.9480	nan	nan	nan
2.9520	nan	nan	nan
2.9560	nan	nan	nan
2.9600	nan	nan	nan
2.9640	nan	nan	nan
2.9680	nan	nan	nan
2.9720	nan	nan	nan
2.9760	nan	nan	nan
2.9800	nan	nan	nan
2.9840	nan	nan	nan
2.9880	nan	nan	nan
2.9920	nan	nan	nan
2.9960	nan	nan	nan
3.0000	nan	nan	nan
3.0040	nan	nan	nan
3.0080	nan	nan	nan
3.0120	nan	nan	nan
3.0160	nan	nan	nan
3.0200	nan	nan	nan
3.0240	nan	nan	nan
3.0280	nan	nan	nan
3.0320	nan	nan	nan
3.0360	nan	nan	nan
3.0400	nan	nan	nan
3.0440	nan	nan	nan
3.0480	nan	nan	nan
3.0520	nan	nan	nan
3.0560	nan	nan	nan
3.0600	nan	nan	nan
3.0640	nan	nan	nan
3.0680	nan	nan	nan
3.0720	nan	nan	nan
3.0760	nan	nan	nan
3.0800	nan	nan	nan
3.0840	nan	nan	nan
3.0880	nan	nan	nan
3.0920	nan	nan	nan
3.0960	nan	nan	nan
3.1000	nan	nan	nan
3.1040	nan	nan	nan
3.1080	nan	nan	nan
3.1120	nan	nan	nan
3.1160	nan	nan	nan
3.1200	nan	nan	nan
3.1240	nan	nan	nan
3.1280	nan	nan	nan
3.1320	nan	nan	nan
3.1360	nan	nan	nan
3.1400	nan	nan	nan
3.1440	nan	nan	nan
3.1480	nan	nan	nan
3.1520	nan	nan	nan
3.1560	nan	nan	nan
3.1600	nan	nan	nan
3.1640	nan	nan	nan
3.1680	nan	nan	nan
3.1720	nan	nan	nan
3.1760	nan	nan	nan
3.1800	nan	nan	nan
3.1840	nan	nan	nan
3.1880	nan	nan	nan
3.1920	nan	nan	nan
3.1960	nan	nan	nan
3.2000	nan	nan	nan
3.2040	nan	nan	nan
3.2080	nan	nan	nan
3.2120	nan	nan	nan
3.2160	nan	nan	nan
3.2200	nan	nan	nan
3.2240	nan	nan	nan
3.2280	nan	nan	nan
3.2320	nan	nan	nan
3.2360	nan	nan	nan
3.2400	nan	nan	nan
3.2440	nan	nan	nan
3.2480	nan	nan	nan
3.2520	nan	nan	nan
3.2560	nan	nan	nan
3.2600	nan	nan	nan
3.2640	nan	nan	nan
3.2680	nan	nan	nan
3.2720	nan	nan	nan
3.2760	nan	nan	nan
3.2800	nan	nan	nan
3.2840	nan	nan	nan
3.2880	nan	nan	nan
3.2920	nan	nan	nan
3.2960	nan	nan	nan
3.3000	nan	nan	nan
3.3040	nan	nan	nan
3.3080	nan	nan	nan
3.3120	nan	nan	nan
3.3160	nan	nan	nan
3.3200	nan	nan	nan
3.3240	nan	nan	nan
3.3280	nan	nan	nan
3.3320	nan	nan	nan
3.3360	nan	nan	nan
3.3400	nan	nan	nan
3.3440	nan	nan	nan
3.3480	nan	nan	nan
3.3520	nan	nan	nan
3.3560	nan	nan	nan
3.3600	nan	nan	nan
3.3640	nan	nan	nan
3.3680	nan	nan	nan
3.3720	nan	nan	nan
3.3760	nan	nan	nan
3.3800	nan	nan	nan
3.3840	nan	nan	nan
3.3880	nan	nan	nan
3.3920	nan	nan	nan
3.3960	nan	nan	nan
3.4000	nan	nan	nan
3.4040	nan	nan	nan
3.4080	nan	nan	nan
3.4120	nan	nan	nan
3.4160	nan	nan	nan
3.4200	nan	nan	nan
3.4240	nan	nan	nan
3.4280	nan	nan	nan
3.4320	nan	nan	nan
3.4360	nan	nan	nan
3.4400	nan	nan	nan
3.4440	nan	nan	nan
3.4480	nan	nan	nan
3.4520	nan	nan	nan
3.4560	nan	nan	nan
3.4600	nan	nan	nan
3.4640	nan	nan	nan
3.4680	nan	nan	nan
3.4720	nan	nan	nan
3.4760	nan	nan	nan
3.4800	nan	nan	nan
3.4840	nan	nan	nan
3.4880	nan	nan	nan
3.4920	nan	nan	nan
3.4960	nan	nan	nan
3.5000	nan	nan	nan
3.5040	nan	nan	nan
3.5080	nan	nan	nan
3.5120	nan	nan	nan
3.5160	nan	nan	nan
3.5200	nan	nan	nan
3.5240	nan	nan	nan
3.5280	nan	nan	nan
3.5320	nan	nan	nan
3.5360	nan	nan	nan
3.5400	nan	nan	nan
3.5440	nan	nan	nan
3.5480	nan	nan	nan
3.5520	nan	nan	nan
3.5560	nan	nan	nan
3.5600	nan	nan	nan
3.5640	nan	nan	nan
3.5680	nan	nan	nan
3.5720	nan	nan	nan
3.5760	nan	nan	nan
3.5800	nan	nan	nan
3.5840	nan	nan	nan
3.5880	nan	nan	nan
3.5920	nan	nan	nan
3.5960	nan	nan	nan
3.6000	nan	nan	nan
3.6040	nan	nan	nan
3.6080	nan	nan	nan
3.6120	nan	nan	nan
3.6160	nan	nan	nan
3.6200	nan	nan	nan
3.6240	nan	nan	nan
3.6280	nan	nan	nan
3.6320	nan	nan	nan
3.6360	nan	nan	nan
3.6400	nan	nan	nan
3.6440	nan	nan	nan
3.6480	nan	nan	nan
3.6520	nan	nan	nan
3.6560	nan	nan	nan
3.6600	nan	nan	nan
3.6640	nan	nan	nan
3.6680	nan	nan	nan
3.6720	nan	nan	nan
3.6760	nan	nan	nan
3.6800	nan	nan	nan
3.6840	nan	nan	nan
3.6880	nan	nan	nan
3.6920	nan	nan	nan
3.6960	nan	nan	nan
3.7000	nan	nan	nan
3.7040	nan	nan	nan
3.7080	nan	nan	nan
3.7120	nan	nan	nan
3.7160	nan	nan	nan
3.7200	nan	nan	nan
3.7240	nan	nan	nan
3.7280	nan	nan	nan
3.7320	nan	nan	nan
3.7360	nan	nan	nan
3.7400	nan	nan	nan
3.7440	nan	nan	nan
3.7480	nan	nan	nan
3.7520	nan	nan	nan
3.7560	nan	nan	nan
3.7600	nan	nan	nan
3.7640	nan	nan	nan
3.7680	nan	nan	nan
3.7720	nan	nan	nan
3.7760	nan	nan	nan
3.7800	nan	nan	nan
3.7840	nan	nan	nan
3.7880	nan	nan	nan
3.7920	nan	nan	nan
3.7960	nan	nan	nan
3.8000	nan	nan	nan
3.8040	nan	nan	nan
3.8080	nan	nan	nan
3.8120	nan	nan	nan
3.8160	nan	nan	nan
3.8200	nan	nan	nan
3.8240	nan	nan	nan
3.8280	nan	nan	nan
3.8320	nan	nan	nan
3.8360	nan	nan	nan
3.8400	nan	nan	nan
3.8440	nan	nan	nan
3.8480	nan	nan	nan
3.8520	nan	nan	nan
3.8560	nan	nan	nan
3.8600	nan	nan	nan
3.8640	nan	nan	nan
3.8680	nan	nan	nan
3.8720	nan	nan	nan
3.8760	nan	nan	nan
3.8800	nan	nan	nan
3.8840	nan	nan	nan
3.8880	nan	nan	nan
3.8920	nan	nan	nan
3.8960	nan	nan	nan
3.9000	nan	nan	nan
3.9040	nan	nan	nan
3.9080	nan	nan	nan
3.9120	nan	nan	nan
3.9160	nan	nan	nan
3.9200	nan	nan	nan
3.9240	nan	nan	nan
3.9280	nan	nan	nan
3.9320	nan	nan	nan
3.9360	nan	nan	nan
3.9400	nan	nan	nan
3.9440	nan	nan	nan
3.9480	nan	nan	nan
3.9520	nan	nan	nan
3.9560	nan	nan	nan
3.9600	nan	nan	nan
3.9640	nan	nan	nan
3.9680	nan	nan	nan
3.9720	nan	nan	nan
3.9760	nan	nan	nan
3.9800	nan	nan	nan
3.9840	nan	nan	nan
3.9880	nan	nan	nan
3.9920	nan	nan	nan
3.9960	nan	nan	nan
4.0000	nan	nan	nan
4.0040	nan	nan	nan
4.0080	nan	nan	nan
4.0120	nan	nan	nan
4.0160	nan	nan	nan
4.0200	nan	nan	nan
4.0240	nan	nan	nan
4.0280	nan	nan	nan
4.0320	nan	nan	nan
4.0360	nan	nan	nan
4.0400	nan	nan	nan
4.0440	nan	nan	nan
4.0480	nan	nan	nan
4.0520	nan	nan	nan
4.0560	nan	nan	nan
4.0600	nan	nan	nan
4.0640	nan	nan	nan
4.0680	nan	nan	nan
4.0720	nan	nan	nan
4.0760	nan	nan	nan
4.0800	nan	nan	nan
4.0840	nan	nan	nan
4.0880	nan	nan	nan
4.0920	nan	nan	nan
4.0960	nan	nan	nan
4.1000	nan	nan	nan
4.1040	nan	nan	nan
4.1080	nan	nan	nan
4.1120	nan	nan	nan
4.1160	nan	nan	nan
4.1200	nan	nan	nan
4.1240	nan	nan	nan
4.1280	nan	nan	nan
4.1320	nan	nan	nan
4.1360	nan	nan	nan
4.1400	nan	nan	nan
4.1440	nan	nan	nan
4.1480	nan	nan	nan
4.1520	nan	nan	nan
4.1560	nan	nan	nan
4.1600	nan	nan	nan
4.1640	nan	nan	nan
4.1680	nan	nan	nan
4.1720	nan	nan	nan
4.1760	nan	nan	nan
4.1800	nan	nan	nan
4.1840	nan	nan	nan
4.1880	nan	nan	nan
4.1920	nan	nan	nan
4.1960	nan	nan	nan
4.2000	nan	nan	nan
4.2040	nan	nan	nan
4.2080	nan	nan	nan
4.2120	nan	nan	nan
4.2160	nan	nan	nan
4.2200	nan	nan	nan
4.2240	nan	nan	nan
4.2280	nan	nan	nan
4.2320	nan	nan	nan
4.2360	nan	nan	nan
4.2400	nan	nan	nan
4.2440	nan	nan	nan
4.2480	nan	nan	nan
4.2520	nan	nan	nan
4.2560	nan	nan	nan
4.2600	nan	nan	nan
4.2640	nan	nan	nan
4.2680	nan	nan	nan
4.2720	nan	nan	nan
4.2760	nan	nan	nan
4.2800	nan	nan	nan
4.2840	nan	nan	nan
4.2880	nan	nan	nan
4.2920	nan	nan	nan
4.2960	nan	nan	nan
4.3000	nan	nan	nan
4.3040	nan	nan	nan
4.3080	nan	nan	nan
4.3120	nan	nan	nan
4.3160	nan	nan	nan
4.3200	nan	nan	nan
4.3240	nan	nan	nan
4.3280	nan	nan	nan
4.3320	nan	nan	nan
4.3360	nan	nan	nan
4.3400	nan	nan	nan
4.3440	nan	nan	nan
4.3480	nan	nan	nan
4.3520	nan	nan	nan
4.3560	nan	nan	nan
4.3600	nan	nan	nan
4.3640	nan	nan	nan
4.3680	nan	nan	nan
4.3720	nan	nan	nan
4.3760	nan	nan	nan
4.3800	nan	nan	nan
4.3840	nan	nan	nan
4.3880	nan	nan	nan
4.3920	nan	nan	nan
4.3960	nan	nan	nan
4.4000	nan	nan	nan
4.4040	nan	nan	nan
4.4080	nan	nan	nan
4.4120	nan	nan	nan
4.4160	nan	nan	nan
4.4200	nan	nan	nan
4.4240	nan	nan	nan
4.4280	nan	nan	nan
4.4320	nan	nan	nan
4.4360	nan	nan	nan
4.4400	nan	nan	nan
4.4440	nan	nan	nan
4.4480	nan	nan	nan
4.4520	nan	nan	nan
4.4560	nan	nan	nan
4.4600	nan	nan	nan
4.4640	nan	nan	nan
4.4680	nan	nan	nan
4.4720	nan	nan	nan
4.4760	nan	nan	nan
4.4800	nan	nan	nan
4.4840	nan	nan	nan
4.4880	nan	nan	nan
4.4920	nan	nan	nan
4.4960	nan	nan	nan
4.5000	nan	nan	nan
4.5040	nan	nan	nan
4.5080	nan	nan	nan
4.5120	nan	nan	nan
4.5160	nan	nan	nan
4.5200	nan	nan	nan
4.5240	nan	nan	nan
4.5280	nan	nan	nan
4.5320	nan	nan	nan
4.5360	nan	nan	nan
4.5400	nan	nan	nan
4.5440	nan	nan	nan
4.5480	nan	nan	nan
4.5520	nan	nan	nan
4.5560	nan	nan	nan
4.5600	nan	nan	nan
4.5640	nan	nan	nan
4.5680	nan	nan	nan
4.5720	nan	nan	nan
4.5760	nan	nan	nan
4.5800	nan	nan	nan
4.5840	nan	nan	nan
4.5880	nan	nan	nan
4.5920	nan	nan	nan
4.5960	nan	nan	nan
4.6000	nan	nan	nan
4.6040	nan	nan	nan
4.6080	nan	nan	nan
4.6120	nan	nan	nan
4.6160	nan	nan	nan
4.6200	nan	nan	nan
4.6240	nan	nan	nan
4.6280	nan	nan	nan
4.6320	nan	nan	nan
4.6360	nan	nan	nan
4.6400	nan	nan	nan
4.6440	nan	nan	nan
4.6480	nan	nan	nan
4.6520	nan	nan	nan
4.6560	nan	nan	nan
4.6600	nan	nan	nan
4.6640	nan	nan	nan
4.6680	nan	nan	nan
4.6720	nan	nan	nan
4.6760	nan	nan	nan
4.6800	nan	nan	nan
4.6840	nan	nan	nan
4.6880	nan	nan	nan
4.6920	nan	nan	nan
4.6960	nan	nan	nan
4.7000	nan	nan	nan
4.7040	nan	nan	nan
4.7080	nan	nan	nan
4.7120	nan	nan	nan
4.7160	nan	nan	nan
4.7200	nan	nan	nan
4.7240	nan	nan	nan
4.7280	nan	nan	nan
4.7320	nan	nan	nan
4.7360	nan	nan	nan
4.7400	nan	nan	nan
4.7440	nan	nan	nan
4.7480	nan	nan	nan
4.7520	nan	nan	nan
4.7560	nan	nan	nan
4.7600	nan	nan	nan
4.7640	nan	nan	nan
4.7680	nan	nan	nan
4.7720	nan	nan	nan
4.7760	nan	nan	nan
4.7800	nan	nan	nan
4.7840	nan	nan	nan
4.7880	nan	nan	nan
4.7920	nan	nan	nan
4.7960	nan	nan	nan
4.8000	nan	nan	nan
4.8040	nan	nan	nan
4.8080	nan	nan	nan
4.8120	nan	nan	nan
4.8160	nan	nan	nan
4.8200	nan	nan	nan
4.8240	nan	nan	nan
4.8280	nan	nan	nan
4.8320	nan	nan	nan
4.8360	nan	nan	nan
4.8400	nan	nan	nan
4.8440	nan	nan	nan
4.8480	nan	nan	nan
4.8520	nan	nan	nan
4.8560	nan	nan	nan
4.8600	nan	nan	nan
4.8640	nan	nan	nan
4.8680	nan	nan	nan
4.8720	nan	nan	nan
4.8760	nan	nan	nan
4.8800	nan	nan	nan
4.8840	nan	nan	nan
4.8880	nan	nan	nan
4.8920	nan	nan	nan
4.8960	nan	nan	nan
4.9000	nan	nan	nan
4.9040	nan	nan	nan
4.9080	nan	nan	nan
4.9120	nan	nan	nan
4.9160	nan	nan	nan
4.9200	nan	nan	nan
4.9240	nan	nan	nan
4.9280	nan	nan	nan
4.9320	nan	nan	nan
4.9360	nan	nan	nan
4.9400	nan	nan	nan
4.9440	nan	nan	nan
4.9480	nan	nan	nan
4.9520	nan	nan	nan
4.9560	nan	nan	nan
4.9600	nan	nan	nan
4.9640	nan	nan	nan
4.9680	nan	nan	nan
4.9720	nan	nan	nan
4.9760	nan	nan	nan
4.9800	nan	nan	nan
4.9840	nan	nan	nan
4.9880	nan	nan	nan
4.9920	nan	nan	nan
4.9960	nan	nan	nan
5.0000	nan	nan	nan
5.0040	nan	nan	nan
5.0080	nan	nan	nan
5.0120	nan	nan	nan
5.0160	nan	nan	nan
5.0200	nan	nan	nan
5.0240	nan	nan	nan
5.0280	nan	nan	nan
5.0320	nan	nan	nan
5.0360	nan	nan	nan
5.0400	nan	nan	nan
5.0440	nan	nan	nan
5.0480	nan	nan	nan
5.0520	nan	nan	nan
5.0560	nan	nan	nan
5.0600	nan	nan	nan
5.0640	nan	nan	nan
5.0680	nan	nan	nan
5.0720	nan	nan	nan
5.0760	nan	nan	nan
5.0800	nan	nan	nan
5.0840	nan	nan	nan
5.0880	nan	nan	nan
5.0920	nan	nan	nan
5.0960	nan	nan	nan
5.1000	nan	nan	nan
5.1040	nan	nan	nan
5.1080	nan	nan	nan
5.1120	nan	nan	nan
5.1160	nan	nan	nan
5.1200	nan	nan	nan
5.1240	nan	nan	nan
5.1280	nan	nan	nan
5.1320	nan	nan	nan
5.1360	nan	nan	nan
5.1400	nan	nan	nan
5.1440	nan	nan	nan
5.1480	nan	nan	nan
5.1520	nan	nan	nan
5.1560	nan	nan	nan
5.1600	nan	nan	nan
5.1640	nan	nan	nan
5.1680	nan	nan	nan
5.1720	nan	nan	nan
5.1760	nan	nan	nan
5.1800	nan	nan	nan
5.1840	nan	nan	nan
5.1880	nan	nan	nan
5.1920	nan	nan	nan
5.1960	nan	nan	nan
5.2000	nan	nan	nan
5.2040	nan	nan	nan
5.2080	nan	nan	nan
5.2120	nan	nan	nan
5.2160	nan	nan	nan
5.2200	nan	nan	nan
5.2240	nan	nan	nan
5.2280	nan	nan	nan
5.2320	nan	nan	nan
5.2360	nan	nan	nan
5.2400	nan	nan	nan
5.2440	nan	nan	nan
5.2480	nan	nan	nan
5.2520	nan	nan	nan
5.2560	nan	nan	nan
5.2600	nan	nan	nan
5.2640	nan	nan	nan
5.2680	nan	nan	nan
5.2720	nan	nan	nan
5.2760	nan	nan	nan
5.2800	nan	nan	nan
5.2840	nan	nan	nan
5.2880	nan	nan	nan
5.2920	nan	nan	nan
5.2960	nan	nan	nan
5.3000	nan	nan	nan
5.3040	nan	nan	nan
5.3080	nan	nan	nan
5.3120	nan	nan	nan
5.3160	nan	nan	nan
5.3200	nan	nan	nan
5.3240	nan	nan	nan
5.3280	nan	nan	nan
5.3320	nan	nan	nan
5.3360	nan	nan	nan
5.3400	nan	nan	nan
5.3440	nan	nan	nan
5.3480	nan	nan	nan
5.3520	nan	nan	nan
5.3560	nan	nan	nan
5.3600	nan	nan	nan
5.3640	nan	nan	nan
5.3680	nan	nan	nan
5.3720	nan	nan	nan
5.3760	nan	nan	nan
5.3800	nan	nan	nan
5.3840	nan	nan	nan
5.3880	nan	nan	nan
5.3920	nan	nan	nan
5.3960	nan	nan	nan
5.4000	nan	nan	nan
5.4040	nan	nan	nan
5.4080	nan	nan	nan
5.4120	nan	nan	nan
5.4160	nan	nan	nan
5.4200	nan	nan	nan
5.4240	nan	nan	nan
5.4280	nan	nan	nan
5.4320	nan	nan	nan
5.4360	nan	nan	nan
5.4400	nan	nan	nan
5.4440	nan	nan	nan
5.4480	nan	nan	nan
5.4520	nan	nan	nan
5.4560	nan	nan	nan
5.4600	nan	nan	nan
5.4640	nan	nan	nan
5.4680	nan	nan	nan
5.4720	nan	nan	nan
5.4760	nan	nan	nan
5.4800	nan	nan	nan
5.4840	nan	nan	nan
5.4880	nan	nan	nan
5.4920	nan	nan	nan
5.4960	nan	nan	nan
5.5000	nan	nan	nan
5.5040	nan	nan	nan
5.5080	nan	nan	nan
5.5120	nan	nan	nan
5.5160	nan	nan	nan
5.5200	nan	nan	nan
5.5240	nan	nan	nan
5.5280	nan	nan	nan
5.5320	nan	nan	nan
5.5360	nan	nan	nan
5.5400	nan	nan	nan
5.5440	nan	nan	nan
5.5480	nan	nan	nan
5.5520	nan	nan	nan
5.5560	nan	nan	nan
5.5600	nan	nan	nan
5.5640	nan	nan	nan
5.5680	nan	nan	nan
5.5720	nan	nan	nan
5.5760	nan	nan	nan
5.5800	nan	nan	nan
5.5840	nan	nan	nan
5.5880	nan	nan	nan
5.5920	nan	nan	nan
5.5960	nan	nan	nan
5.6000	nan	nan	nan
5.6040	nan	nan	nan
5.6080	nan	nan	nan
5.6120	nan	nan	nan
5.6160	nan	nan	nan
5.6200	nan	nan	nan
5.6240	nan	nan	nan
5.6280	nan	nan	nan
5.6320	nan	nan	nan
5.6360	nan	nan	nan
5.6400	nan	nan	nan
5.6440	nan	nan	nan
5.6480	nan	nan	nan
5.6520	nan	nan	nan
5.6560	nan	nan	nan
5.6600	nan	nan	nan
5.6640	nan	nan	nan
5.6680	nan	nan	nan
5.6720	nan	nan	nan
5.6760	nan	nan	nan
5.6800	nan	nan	nan
5.6840	nan	nan	nan
5.6880	nan	nan	nan
5.6920	nan	nan	nan
5.6960	nan	nan	nan
5.7000	nan	nan	nan
5.7040	nan	nan	nan
5.7080	nan	nan	nan
5.7120	nan	nan	nan
5.7160	nan	nan	nan
5.7200	nan	nan	nan
5.7240	nan	nan	nan
5.7280	nan	nan	nan
5.7320	nan	nan	nan
5.7360	nan	nan	nan
5.7400	nan	nan	nan
5.7440	nan	nan	nan
5.7480	nan	nan	nan
5.7520	nan	nan	nan
5.7560	nan	nan	nan
5.7600	nan	nan	nan
5.7640	nan	nan	nan
5.7680	nan	nan	nan
5.7720	nan	nan	nan
5.7760	nan	nan	nan
5.7800	nan	nan	nan
5.7840	nan	nan	nan
5.7880	nan	nan	nan
5.7920	nan	nan	nan
5.7960	nan	nan	nan
5.8000	nan	nan	nan
5.8040	nan	nan	nan
5.8080	nan	nan	nan
5.8120	nan	nan	nan
5.8160	nan	nan	nan
5.8200	nan	nan	nan
5.8240	nan	nan	nan
5.8280	nan	nan	nan
5.8320	nan	nan	nan
5.8360	nan	nan	nan
5.8400	nan	nan	nan
5.8440	nan	nan	nan
5.8480	nan	nan	nan
5.8520	nan	nan	nan
5.8560	nan	nan	nan
5.8600	nan	nan	nan
5.8640	nan	nan	nan
5.8680	nan	nan	nan
5.8720	nan	nan	nan
5.8760	nan	nan	nan
5.8800	nan	nan	nan
5.8840	nan	nan	nan
5.8880	nan	nan	nan
5.8920	nan	nan	nan
5.8960	nan	nan	nan
5.9000	nan	nan	nan
5.9040	nan	nan	nan
5.9080	nan	nan	nan
5.9120	nan	nan	nan
5.9160	nan	nan	nan
5.9200	nan	nan	nan
5.9240	nan	nan	nan
5.9280	nan	nan	nan
5.9320	nan	nan	nan
5.9360	nan	nan	nan
5.9400	nan	nan	nan
5.9440	nan	nan	nan
5.9480	nan	nan	nan
5.9520	nan	nan	nan
5.9560	nan	nan	nan
5.9600	nan	nan	nan
5.9640	nan	nan	nan
5.9680	nan	nan	nan
5.9720	nan	nan	nan
5.9760	nan	nan	nan
5.9800	nan	nan	nan
5.9840	nan	nan	nan
5.9880	nan	nan	nan
5.9920	nan	nan	nan
5.9960	nan	nan	nan
6.0000	nan	nan	nan
6.0040	nan	nan	nan
6.0080	nan	nan	nan
6.0120	nan	nan	nan
6.0160	nan	nan	nan
6.0200	nan	nan	nan
6.0240	nan	nan	nan
6.0280	nan	nan	nan
6.0320	nan	nan	nan
6.0360	nan	nan	nan
6.0400	nan	nan	nan
6.0440	nan	nan	nan
6.0480	nan	nan	nan
6.0520	nan	nan	nan
6.0560	nan	nan	nan
6.0600	nan	nan	nan
6.0640	nan	nan	nan
6.0680	nan	nan	nan
6.0720	nan	nan	nan
6.0760	nan	nan	nan
6.0800	nan	nan	nan
6.0840	nan	nan	nan
6.0880	nan	nan	nan
6.0920	nan	nan	nan
6.0960	nan	nan	nan
6.1000	nan	nan	nan
6.1040	nan	nan	nan
6.1080	nan	nan	nan
6.1120	nan	nan	nan
6.1160	nan	nan	nan
6.1200	nan	nan	nan
6.1240	nan	nan	nan
6.1280	nan	nan	nan
6.1320	nan	nan	nan
6.1360	nan	nan	nan
6.1400	nan	nan	nan
6.1440	nan	nan	nan
6.1480	nan	nan	nan
6.1520	nan	nan	nan
6.1560	nan	nan	nan
6.1600	nan	nan	nan
6.1640	nan	nan	nan
6.1680	nan	nan	nan
6.1720	nan	nan	nan
6.1760	nan	nan	nan
6.1800	nan	nan	nan
6.1840	nan	nan	nan
6.1880	nan	nan	nan
6.1920	nan	nan	nan
6.1960	nan	nan	nan
6.2000	nan	nan	nan
6.2040	nan	nan	nan
6.2080	nan	nan	nan
6.2120	nan	nan	nan
6.2160	nan	nan	nan
6.2200	nan	nan	nan
6.2240	nan	nan	nan
6.2280	nan	nan	nan
6.2320	nan	nan	nan
6.2360	nan	nan	nan
6.2400	nan	nan	nan
6.2440	nan	nan	nan
6.2480	nan	nan	nan
6.2520	nan	nan	nan
6.2560	nan	nan	nan
6.2600	nan	nan	nan
6.2640	nan	nan	nan
6.2680	nan	nan	nan
6.2720	nan	nan	nan
6.2760	nan	nan	nan
6.2800	nan	nan	nan
6.2840	nan	nan	nan
6.2880	nan	nan	nan
6.2920	nan	nan	nan
6.2960	nan	nan	nan
6.3000	nan	nan	nan
6.3040	nan	nan	nan
6.3080	nan	nan	nan
6.3120	nan	nan	nan
6.3160	nan	nan	nan
6.3200	nan	nan	nan
6.3240	nan	nan	nan
6.3280	nan	nan	nan
6.3320	nan	nan	nan
6.3360	nan	nan	nan
6.3400	nan	nan	nan
6.3440	nan	nan	nan
6.3480	nan	nan	nan
6.3520	nan	nan	nan
6.3560	nan	nan	nan
6.3600	nan	nan	nan
6.3640	nan	nan	nan
6.3680	nan	nan	nan
6.3720	nan	nan	nan
6.3760	nan	nan	nan
6.3800	nan	nan	nan
6.3840	nan	nan	nan
6.3880	nan	nan	nan
6.3920	nan	nan	nan
6.3960	nan	nan	nan
6.4000	nan	nan	nan
6.4040	nan	nan	nan
6.4080	nan	nan	nan
6.4120	nan	nan	nan
6.4160	nan	nan	nan
6.4200	nan	nan	nan
6.4240	nan	nan	nan
6.4280	nan	nan	nan
6.4320	nan	nan	nan
6.4360	nan	nan	nan
6.4400	nan	nan	nan
6.4440	nan	nan	nan
6.4480	nan	nan	nan
6.4520	nan	nan	nan
6.4560	nan	nan	nan
6.4600	nan	nan	nan
6.4640	nan	nan	nan
6.4680	nan	nan	nan
6.4720	nan	nan	nan
6.4760	nan	nan	nan
6.4800	nan	nan	nan
6.4840	nan	nan	nan
6.4880	nan	nan	nan
6.4920	nan	nan	nan
6.4960	nan	nan	nan
6.5000	nan	nan	nan
6.5040	nan	nan	nan
6.5080	nan	nan	nan
6.5120	nan	nan	nan
6.5160	nan	nan	nan
6.5200	nan	nan	nan
6.5240	nan	nan	nan
6.5280	nan	nan	nan
6.5320	nan	nan	nan
6.5360	nan	nan	nan
6.5400	nan	nan	nan
6.5440	nan	nan	nan
6.5480	nan	nan	nan
6.5520	nan	nan	nan
6.5560	nan	nan	nan
6.5600	nan	nan	nan
6.5640	nan	nan	nan
6.5680	nan	nan	nan
6.5720	nan	nan	nan
6.5760	nan	nan	nan
6.5800	nan	nan	nan
6.5840	nan	nan	nan
6.5880	nan	nan	nan
6.5920	nan	nan	nan
6.5960	nan	nan	nan
6.6000	nan	nan	nan
6.6040	nan	nan	nan
6.6080	nan	nan	nan
6.6120	nan	nan	nan
6.6160	nan	nan	nan
6.6200	nan	nan	nan
6.6240	nan	nan	nan
6.6280	nan	nan	nan
6.6320	nan	nan	nan
6.6360	nan	nan	nan
6.6400	nan	nan	nan
6.6440	nan	nan	nan
6.6480	nan	nan	nan
6.6520	nan	nan	nan
6.6560	nan	nan	nan
6.6600	nan	nan	nan
6.6640	nan	nan	nan
6.6680	nan	nan	nan
6.6720	nan	nan	nan
6.6760	nan	nan	nan
6.6800	nan	nan	nan
6.6840	nan	nan	nan
6.6880	nan	nan	nan
6.6920	nan	nan	nan
6.6960	nan	nan	nan
6.7000	nan	nan	nan
6.7040	nan	nan	nan
6.7080	nan	nan	nan
6.7120	nan	nan	nan
6.7160	nan	nan	nan
6.7200	nan	nan	nan
6.7240	nan	nan	nan
6.7280	nan	nan	nan
6.7320	nan	nan	nan
6.7360	nan	nan	nan
6.7400	nan	nan	nan
6.7440	nan	nan	nan
6.7480	nan	nan	nan
6.7520	nan	nan	nan
6.7560	nan	nan	nan
6.7600	nan	nan	nan
6.7640	nan	nan	nan
6.7680	nan	nan	nan
6.7720	nan	nan	nan
6.7760	nan	nan	nan
6.7800	nan	nan	nan
6.7840	nan	nan	nan
6.7880	nan	nan	nan
6.7920	nan	nan	nan
6.7960	nan	nan	nan
6.8000	nan	nan	nan
6.8040	nan	nan	nan
6.8080	nan	nan	nan
6.8120	nan	nan	nan
6.8160	nan	nan	nan
6.8200	nan	nan	nan
6.8240	nan	nan	nan
6.8280	nan	nan	nan
6.8320	nan	nan	nan
6.8360	nan	nan	nan
6.8400	nan	nan	nan
6.8440	nan	nan	nan
6.8480	nan	nan	nan
6.8520	nan	nan	nan
6.8560	nan	nan	nan
6.8600	nan	nan	nan
6.8640	nan	nan	nan
6.8680	nan	nan	nan
6.8720	nan	nan	nan
6.8760	nan	nan	nan
6.8800	nan	nan	nan
6.8840	nan	nan	nan
6.8880	nan	nan	nan
6.8920	nan	nan	nan
6.8960	nan	nan	nan
6.9000	nan	nan	nan
6.9040	nan	nan	nan
6.9080	nan	nan	nan
6.9120	nan	nan	nan
6.9160	nan	nan	nan
6.9200	nan	nan	nan
6.9240	nan	nan	nan
6.9280	nan	nan	nan
6.9320	nan	nan	nan
6.9360	nan	nan	nan
6.9400	nan	nan	nan
6.9440	nan	nan	nan
6.9480	nan	nan	nan
6.9520	nan	nan	nan
6.9560	nan	nan	nan
6.9600	nan	nan	nan
6.9640	nan	nan	nan
6.9680	nan	nan	nan
6.9720	nan	nan	nan
6.9760	nan	nan	nan
6.9800	nan	nan	nan
6.9840	nan	nan	nan
6.9880	nan	nan	nan
6.9920	nan	nan	nan
6.9960	nan	nan	nan
7.0000	nan	nan	nan
7.0040	nan	nan	nan
7.0080	nan	nan	nan
7.0120	nan	nan	nan
7.0160	nan	nan	nan
7.0200	nan	nan	nan
7.0240	nan	nan	nan
7.0280	nan	nan	nan
7.0320	nan	nan	nan
7.0360	nan	nan	nan
7.0400	nan	nan	nan
7.0440	nan	nan	nan
7.0480	nan	nan	nan
7.0520	nan	nan	nan
7.0560	nan	nan	nan
7.0600	nan	nan	nan
7.0640	nan	nan	nan
7.0680	nan	nan	nan
7.0720	nan	nan	nan
7.0760	nan	nan	nan
7.0800	nan	nan	nan
7.0840	nan	nan	nan
7.0880	nan	nan	nan
7.0920	nan	nan	nan
7.0960	nan	nan	nan
7.1000	nan	nan	nan
7.1040	nan	nan	nan
7.1080	nan	nan	nan
7.1120	nan	nan	nan
7.1160	nan	nan	nan
7.1200	nan	nan	nan
7.1240	nan	nan	nan
7.1280	nan	nan	nan
7.1320	nan	nan	nan
7.1360	nan	nan	nan
7.1400	nan	nan	nan
7.1440	nan	nan	nan
7.1480	nan	nan	nan
7.1520	nan	nan	nan
7.1560	nan	nan	nan
7.1600	nan	nan	nan
7.1640	nan	nan	nan
7.1680	nan	nan	nan
7.1720	nan	nan	nan
7.1760	nan	nan	nan
7.1800	nan	nan	nan
7.1840	nan	nan	nan
7.1880	nan	nan	nan
7.1920	nan	nan	nan
7.1960	nan	nan	nan
7.2000	nan	nan	nan
7.2040	nan	nan	nan
7.2080	nan	nan	nan
7.2120	nan	nan	nan
7.2160	nan	nan	nan
7.2200	nan	nan	nan
7.2240	nan	nan	nan
7.2280	nan	nan	nan
7.2320	nan	nan	nan
7.2360	nan	nan	nan
7.2400	nan	nan	nan
7.2440	nan	nan	nan
7.2480	nan	nan	nan
7.2520	nan	nan	nan
7.2560	nan	nan	nan
7.2600	nan	nan	nan
7.2640	nan	nan	nan
7.2680	nan	nan	nan
7.2720	nan	nan	nan
7.2760	nan	nan	nan
7.2800	nan	nan	nan
7.2840	nan	nan	nan
7.2880	nan	nan	nan
7.2920	nan	nan	nan
7.2960	nan	nan	nan
7.3000	nan	nan	nan
7.3040	nan	nan	nan
7.3080	nan	nan	nan
7.3120	nan	nan	nan
7.3160	nan	nan	nan
7.3200	nan	nan	nan
7.3240	nan	nan	nan
7.3280	nan	nan	nan
7.3320	nan	nan	nan
7.3360	nan	nan	nan
7.3400	nan	nan	nan
7.3440	nan	nan	nan
7.3480	nan	nan	nan
7.3520	nan	nan	nan
7.3560	nan	nan	nan
7.3600	nan	nan	nan
7.3640	nan	nan	nan
7.3680	nan	nan	nan
7.3720	nan	nan	nan
7.3760	nan	nan	nan
7.3800	nan	nan	nan
7.3840	nan	nan	nan
7.3880	nan	nan	nan
7.3920	nan	nan	nan
7.3960	nan	nan	nan
7.4000	nan	nan	nan
7.4040	nan	nan	nan
7.4080	nan	nan	nan
7.4120	nan	nan	nan
7.4160	nan	nan	nan
7.4200	nan	nan	nan
7.4240	nan	nan	nan
7.4280	nan	nan	nan
7.4320	nan	nan	nan
7.4360	nan	nan	nan
7.4400	nan	nan	nan
7.4440	nan	nan	nan
7.4480	nan	nan	nan
7.4520	nan	nan	nan
7.4560	nan	nan	nan
7.4600	nan	nan	nan
7.4640	nan	nan	nan
7.4680	nan	nan	nan
7.4720	nan	nan	nan
7.4760	nan	nan	nan
7.4800	nan	nan	nan
7.4840	nan	nan	nan
7.4880	nan	nan	nan
7.4920	nan	nan	nan
7.4960	nan	nan	nan
7.5000	nan	nan	nan
7.5040	nan	nan	nan
7.5080	nan	nan	nan
7.5120	nan	nan	nan
7.5160	nan	nan	nan
7.5200	nan	nan	nan
7.5240	nan	nan	nan
7.5280	nan	nan	nan
7.5320	nan	nan	nan
7.5360	nan	nan	nan
7.5400	nan	nan	nan
7.5440	nan	nan	nan
7.5480	nan	nan	nan
7.5520	nan	nan	nan
7.5560	nan	nan	nan
7.5600	nan	nan	nan
7.5640	nan	nan	nan
7.5680	nan	nan	nan
7.5720	nan	nan	nan
7.5760	nan	nan	nan
7.5800	nan	nan	nan
7.5840	nan	nan	nan
7.5880	nan	nan	nan
7.5920	nan	nan	nan
7.5960	nan	nan	nan
7.6000	nan	nan	nan
7.6040	nan	nan	nan
7.6080	nan	nan	nan
7.6120	nan	nan	nan
7.6160	nan	nan	nan
7.6200	nan	nan	nan
7.6240	nan	nan	nan
7.6280	nan	nan	nan
7.6320	nan	nan	nan
7.6360	nan	nan	nan
7.6400	nan	nan	nan
7.6440	nan	nan	nan
7.6480	nan	nan	nan
7.6520	nan	nan	nan
7.6560	nan	nan	nan
7.6600	nan	nan	nan
7.6640	nan	nan	nan
7.6680	nan	nan	nan
7.6720	nan	nan	nan
7.6760	nan	nan	nan
7.6800	nan	nan	nan
7.6840	nan	nan	nan
7.6880	nan	nan	nan
7.6920	nan	nan	nan
7.6960	nan	nan	nan
7.7000	nan	nan	nan
7.7040	nan	nan	nan
7.7080	nan	nan	nan
7.7120	nan	nan	nan
7.7160	nan	nan	nan
7.7200	nan	nan	nan
7.7240	nan	nan	nan
7.7280	nan	nan	nan
7.7320	nan	nan	nan
7.7360	nan	nan	nan
7.7400	nan	nan	nan
7.7440	nan	nan	nan
7.7480	nan	nan	nan
7.7520	nan	nan	nan
7.7560	nan	nan	nan
7.7600	nan	nan	nan
7.7640	nan	nan	nan
7.7680	nan	nan	nan
7.7720	nan	nan	nan
7.7760	nan	nan	nan
7.7800	nan	nan	nan
7.7840	nan	nan	nan
7.7880	nan	nan	nan
7.7920	nan	nan	nan
7.7960	nan	nan	nan
7.8000	nan	nan	nan
7.8040	nan	nan	nan
7.8080	nan	nan	nan
7.8120	nan	nan	nan
7.8160	nan	nan	nan
7.8200	nan	nan	nan
7.8240	nan	nan	nan
7.8280	nan	nan	nan
7.8320	nan	nan	nan
7.8360	nan	nan	nan
7.8400	nan	nan	nan
7.8440	nan	nan	nan
7.8480	nan	nan	nan
7.8520	nan	nan	nan
7.8560	nan	nan	nan
7.8600	nan	nan	nan
7.8640	nan	nan	nan
7.8680	nan	nan	nan
7.8720	nan	nan	nan
7.8760	nan	nan	nan
7.8800	nan	nan	nan
7.8840	nan	nan	nan
7.8880	nan	nan	nan
7.8920	nan	nan	nan
7.8960	nan	nan	nan
7.9000	nan	nan	nan
7.9040	nan	nan	nan
7.9080	nan	nan	nan
7.9120	nan	nan	nan
7.9160	nan	nan	nan
7.9200	nan	nan	nan
7.9240	nan	nan	nan
7.9280	nan	nan	nan
7.9320	nan	nan	nan
7.9360	nan	nan	nan
7.9400	nan	nan	nan
7.9440	nan	nan	nan
7.9480	nan	nan	nan
7.9520	nan	nan	nan
7.9560	nan	nan	nan
7.9600	nan	nan	nan
7.9640	nan	nan	nan
7.9680	nan	nan	nan
7.9720	nan	nan	nan
7.9760	nan	nan	nan
7.9800	nan	nan	nan
7.9840	nan	nan	nan
7.9880	nan	nan	nan
7.9920	nan	nan	nan
7.9960	nan	nan	nan
8.0000	nan	nan	nan
